2.49332E-06	14387100	40532.8
3.1389E-06	14396700	46777.6
3.95164E-06	14388700	54300.6
4.97482E-06	14413200	106595
5.59064E-06	14245600	88841.7
6.26293E-06	14388500	70660.9
7.03819E-06	14282200	103123
7.88457E-06	14393500	101308
8.86056E-06	14261000	144275
9.92608E-06	14388200	109606
1.11548E-05	14291400	152619
1.24962E-05	14411700	113355
0.000014043	14255400	137649
1.57318E-05	14392700	142683
1.76791E-05	14246100	194396
1.77229E-05	14218800	209725
1.98051E-05	14398800	163976
2.22567E-05	14260600	198818
2.23118E-05	14226100	233819
2.49332E-05	14437700	245961
2.80196E-05	14307800	265334
2.80889E-05	14226100	230143
0.000031389	14455200	269954
3.52745E-05	14296200	316484
3.53619E-05	14205000	296029
3.95164E-05	14452600	298771
0.000044408	14309000	347632
0.000044518	14205700	363089
4.97482E-05	14473000	353761
5.59064E-05	14336200	446320
5.60448E-05	14269900	441925
6.26293E-05	14513100	473053
6.87242E-05	14371900	527070
7.03819E-05	14384000	500931
7.05563E-05	14280100	487656
7.88456E-05	14595000	544036
8.65186E-05	14418200	642460
8.86056E-05	14437100	598075
8.88251E-05	14332000	584427
9.92608E-05	14589600	617258
0.000108921	14412300	719665
0.000111548	14470800	732153
0.000111824	14406800	692381
0.000124962	14651500	707107
0.000137123	14453600	794709
0.00014043	14526400	815870
0.000140778	14439800	812587
0.000157318	14685800	802703
0.000172627	14501400	934900
0.000176791	14602600	983188
0.000177229	14528600	922861
0.000198051	14703700	1050670
0.000217325	14657200	1126490
0.000222567	14695000	1184050
0.000223118	14609500	1088210
0.000249332	14880500	1209680
0.000273596	14754700	1295640
0.000280196	14804200	1333620
0.00028089	14703300	1296860
0.00031389	14964800	1419610
0.000344437	14878800	1484970
0.000346067	15053700	1481340
0.000352745	14915700	1589880
0.000353619	14832200	1533240
0.000395164	15095300	1691710
0.00043362	15030900	1728410
0.000435673	15159800	1695500
0.00044408	15090500	1825320
0.00044518	14997100	1784310
0.000497482	15289600	2001610
0.000545896	15195700	1958470
0.00054848	15299600	1944390
0.000559064	15264000	2175610
0.000560448	15123200	2072240
0.000626293	15440800	2324360
0.000687242	15410600	2291730
0.000690495	15542400	2199680
0.000703819	15498200	2541240
0.000705562	15346600	2407170
0.000788456	15660200	2717370
0.000865186	15645100	2628300
0.000869282	15758100	2478290
0.000886056	15739400	2957170
0.000888251	15604200	2746850
0.000992608	15910600	3182610
0.00108921	15937700	3013190
0.00109436	16042500	2829140
0.00111548	16055100	3437780
0.00111824	15967400	3206590
0.00124962	16223500	3717770
0.00137123	16274300	3477090
0.00137772	16322400	3205190
0.0014043	16388100	4020590
0.00140778	16335500	3701280
0.00157318	16594100	4352360
0.00172627	16700200	3997090
0.00173444	16704000	3653390
0.00176791	16791400	4654630
0.00177229	16699100	4309020
0.00177588	17323500	3840800
0.00198051	17011700	5025130
0.00217325	17094800	4524010
0.00218354	17122400	4085170
0.00222567	17277400	5377600
0.00223118	17139200	4953420
0.0022357	17765200	4309270
0.00249332	16619500	5036250
0.00273596	17645400	5225140
0.00274891	17658000	4707550
0.00280195	17837600	6194010
0.00280889	17685100	5689350
0.00281459	18230100	4821180
0.00344437	18206500	5994350
0.00346067	18172800	5277600
0.00352745	18474500	7173910
0.00353619	18335000	6567440
0.00354335	18794600	5385150
0.0043362	18996500	6864070
0.00435673	18843800	5966250
0.0044408	19214100	8244850
0.0044518	19080600	7464680
0.00446082	19427600	5986040
0.00545896	19715400	7752670
0.0054848	19597600	6785750
0.00559064	19652400	8963070
0.00560448	19910400	8581780
0.00561584	20181800	6709390
0.00687242	20747800	8849600
0.00690495	20357300	7594450
0.00705562	20939200	9854490
0.00706992	21009000	7420870
0.00865186	21760800	10026900
0.00869282	21283700	8578370
0.00888251	21999900	11200100
0.0089005	21882500	8294100
0.01	23766800	9004710
0.0108921	22886500	11350200
0.0109436	22402100	9650410
0.0111824	23255200	12762400
0.0112051	22998800	9196590
0.0125893	24825100	9852070
0.0137123	24301300	12887000
0.0137772	23615800	10954200
0.0140778	24668300	14488200
0.0141063	24139600	10288400
0.0158489	26052400	10834600
0.0172627	25805600	14559000
0.0173444	24932800	12288600
0.0177229	26308700	16512600
0.0177588	25416200	11379300
0.0199526	27390600	11816800
0.0217325	27531800	16510100
0.0218354	26340600	13685300
0.022357	26807100	12673900
0.0251189	28836800	12959300
0.0273596	29508000	18543400
0.0274891	27947700	15436200
0.0281459	28492200	14122300
0.0316228	30581800	14329600
0.0344437	31830600	20901800
0.0346067	30039000	17271400
0.0354335	30264000	15737200
0.0398108	32409900	15688700
0.043362	34321400	23500800
0.0435673	32269000	19387500
0.0446082	32258300	17410900
0.0501188	34407500	17240000
0.0545896	37132600	26428500
0.054848	34856000	21858700
0.0561584	34517800	19312300
0.0587548	38878900	18922200
0.0630958	36668200	18930300
0.0687242	40287100	29634400
0.0690495	37418500	24355600
0.0706992	36879000	21562700
0.0739679	41182400	20505600
0.0794329	39082500	20840600
0.0869282	40489700	27134200
0.089005	39762700	23823900
0.0931201	43797300	22287700
0.1	41922700	22877200
0.109436	43847100	30156700
0.112051	42984000	26418900
0.117231	46538000	24067500
0.125893	44754800	25119600
0.137772	47858600	33678700
0.141063	46294500	29335100
0.147585	49754600	26241100
0.158489	48303700	27660900
0.173444	52105700	37686600
0.177588	50210100	32544000
0.185799	53183900	28511900
0.199526	51791800	30332900
0.218354	56844700	41728900
0.22357	54552200	36101900
0.233907	56808000	30987700
0.251189	55779700	33359700
0.274891	62229300	46414400
0.281459	59234400	39692900
0.294472	60990700	33680900
0.316228	60372100	36559800
0.346067	68016500	51316300
0.354335	64449200	44125700
0.3602	70094800	37020900
0.370718	65521900	36610400
0.398107	65241900	40101900
0.446082	70365700	48806900
0.453465	74451500	39768600
0.466706	70794200	40047700
0.501188	70379900	44030400
0.561584	76845000	53840000
0.570878	79510700	42638900
0.587548	75983000	43481900
0.630958	76637100	48403400
0.706992	84252100	59143200
0.718693	85526700	46019800
0.739679	81542800	47034600
0.794329	83151900	53385100
0.89005	92133200	64962300
0.904781	91462600	49698400
0.931201	88227700	51139000
1	90774200	58438300
1.12051	100805000	71331200
1.13905	98259200	53894700
1.17231	95216400	55810900
1.25893	98752100	63861700
1.41063	110320000	78132200
1.43398	105512000	57594400
1.47585	102776000	60727000
1.58489	107518000	69952700
1.77588	120889000	85155800
1.80527	113269000	62221100
1.85799	111847000	66397700
1.99526	116901000	76407600
2.27271	121768000	66651200
2.33907	120640000	71862300
2.35173	130791000	69538100
2.51189	127891000	83016300
2.86117	131219000	72204500
2.94472	130510000	77745000
2.96065	139982000	73973900
3.16228	139621000	90438000
3.602	141718000	77727100
3.70718	141856000	84909800
3.72724	149368000	78819200
3.98107	152652000	98177800
4.53465	152199000	84165600
4.66706	152964000	92181500
4.69231	159908000	84439700
5.01188	166407000	106309000
5.70878	164167000	90669400
5.87548	167672000	99518100
5.90727	171304000	90085300
6.30958	181193000	114445000
7.18693	176642000	97528500
7.39679	182104000	107270000
7.43682	183692000	95930200
7.94329	197491000	123272000
9.04781	191371000	105167000
9.31201	197239000	115176000
9.3624	197100000	102340000
10	215206000	132119000
11.3905	206538000	112839000
11.7231	213636000	124329000
11.7866	211580000	109566000
14.3398	223076000	120110000
14.7585	232136000	132596000
14.8384	226696000	117248000
16.4295	246752000	122666000
18.0527	241389000	128764000
18.5799	251834000	142013000
18.6804	244342000	124649000
20.6836	261621000	129605000
22.7271	259200000	137788000
23.3907	272926000	151193000
23.5173	262991000	130988000
26.0391	279305000	136233000
28.6117	279268000	144830000
29.4472	295269000	159911000
29.6065	281227000	140501000
32.7812	300126000	143549000
36.02	303263000	155463000
37.0718	318677000	169341000
37.2724	301711000	148525000
41.2691	319431000	152159000
45.3465	327047000	165449000
46.6706	343115000	178369000
46.9231	324535000	156337000
51.9548	341658000	158506000
57.0878	351713000	173972000
58.7548	369991000	187408000
59.0727	348739000	165381000
65.4072	364266000	168929000
71.8693	378408000	182320000
74.3682	373355000	173917000
82.3428	389805000	175317000
90.4781	405287000	192505000
93.624	401884000	184947000
103.663	416739000	182793000
113.905	434985000	201064000
117.866	428180000	191634000
128.149	455411000	198314000
130.504	444176000	191918000
143.398	465486000	209003000
148.384	456809000	199347000
161.33	479544000	205735000
164.295	473672000	201359000
180.527	496335000	217541000
186.804	485668000	209536000
203.102	507411000	212827000
206.836	503166000	208746000
227.271	528067000	224765000
235.173	521494000	218175000
255.691	537798000	218776000
260.391	535486000	213266000
286.117	560971000	231812000
296.065	555902000	225622000
321.896	565846000	226617000
327.812	567309000	221852000
360.2	595984000	238991000
372.724	589542000	234066000
405.242	604536000	229487000
412.691	601434000	227895000
469.231	625573000	240999000
510.17	631758000	237799000
519.548	635109000	235390000
590.727	663271000	246143000
642.266	673896000	250049000
654.072	671436000	240274000
743.682	699238000	252699000
808.565	709821000	250819000
823.428	706290000	246899000
936.24	736616000	258223000
1017.92	747300000	259387000
1036.63	747696000	253707000
1108.98	772716000	266917000
1178.66	777475000	263127000
1281.49	783366000	261595000
1305.04	786593000	257670000
1396.12	804425000	279995000
1483.84	814361000	267699000
1613.3	819070000	262630000
1642.95	828933000	265899000
1757.61	841562000	277348000
1868.04	854541000	272507000
2031.02	862898000	272987000
2068.36	869756000	270435000
2212.7	881909000	284161000
2351.73	892621000	274528000
2556.91	906669000	274212000
2603.91	907220000	278278000
2785.62	921874000	281556000
3218.96	942239000	273578000
3278.12	949747000	275729000
3506.89	963306000	289945000
4052.42	982463000	278334000
4126.91	995008000	281891000
4414.91	1000420000	283754000
5101.7	1025630000	276885000
5195.48	1036940000	284688000
5558.05	1045490000	296213000
6422.66	1066470000	288309000
6540.72	1078550000	286082000
6997.17	1079280000	296805000
8085.65	1106160000	283063000
8234.28	1120700000	289806000
8808.91	1123120000	295789000
10092.6	1161160000	315234000
10179.2	1152140000	292307000
10366.3	1164730000	285673000
11089.8	1176330000	291810000
12705.9	1209120000	303036000
12814.9	1202510000	294719000
13050.4	1207850000	288343000
13961.2	1212970000	293850000
15995.7	1249250000	317651000
16133	1247140000	291658000
16429.5	1248610000	289182000
17576.1	1274130000	302000000
20137.4	1299820000	316849000
20310.2	1293650000	293890000
22127	1300830000	290886000
25351.5	1329520000	319581000
25569.1	1336230000	291795000
27856.2	1349070000	294377000
31915.7	1371990000	313797000
32189.6	1378630000	292587000
35068.9	1381540000	292202000
40179.5	1429690000	305548000
40524.3	1423930000	293058000
44149.1	1425120000	290524000
50583	1451310000	314228000
51017	1463820000	293370000
55580.5	1462570000	294405000
63680.2	1493480000	313679000
64226.6	1508950000	291245000
69971.7	1518860000	292064000
80168.6	1557660000	308779000
80856.5	1552160000	288084000
88089.1	1566210000	286679000
92577.3	1594940000	327488000
100926	1580810000	311751000
101792	1592160000	286176000
110898	1609900000	293150000
116548	1624640000	322444000
127059	1631570000	291485000
128149	1635080000	283393000
139612	1657430000	287819000
146725	1667020000	332987000
159957	1659620000	288905000
175761	1698910000	287597000
184716	1717350000	315158000
201374	1705590000	290878000
221270	1742640000	283751000
232544	1734130000	318751000
253515	1767170000	291678000
278562	1776740000	283719000
292755	1788270000	319726000
319157	1788770000	297360000
350689	1827520000	280735000
368557	1834480000	323587000
401795	1826430000	285538000
441491	1864350000	273599000
463986	1846760000	313666000
505830	1883030000	284842000
555805	1906640000	272707000
584123	1904910000	298017000
636802	1929390000	266772000
699717	1949170000	269387000
735368	1940710000	311411000
801686	1964360000	279010000
880891	1984350000	262666000
925773	1992230000	299048000
976887	2001720000	321039000
1009260	2012850000	275480000
1108980	2023960000	261413000
1165480	2020660000	277321000
1229830	2037810000	318431000
1270590	2052270000	278750000
1467250	2064540000	288703000
1548260	2069570000	337808000
1599570	2093930000	269423000
1847160	2103610000	287531000
1949150	2073830000	296749000
2013740	2136240000	263493000
2325440	2141070000	290656000
2453830	2175390000	316494000
2535150	2175290000	259637000
2927550	2184980000	276480000
3089190	2223800000	318889000
3191570	2211460000	254783000
3685570	2237260000	271869000
3889060	2233630000	279510000
4017950	2247930000	247152000
4639860	2269180000	262126000
4896030	2288550000	308287000
5058300	2287250000	246280000
5841230	2312910000	262844000
6163740	2331410000	268055000
6368020	2322760000	241863000
7353680	2354180000	261686000
7759690	2334150000	295749000
8016860	2357810000	236285000
8960750	2353470000	318954000
9257730	2391450000	259794000
9768870	2409650000	290895000
10092600	2388380000	233745000
11280900	2495580000	316697000
11654800	2435210000	256949000
12298300	2443720000	289996000
14201800	2469130000	308942000
14672500	2469280000	243975000
15482600	2439470000	269236000
17879000	2538560000	381030000
18471600	2502270000	244121000
19491500	2527120000	273128000
22508400	2526770000	234049000
23254400	2544490000	238143000
24538300	2546560000	274018000
28336400	2625780000	291464000
29275500	2573350000	231770000
30891900	2607050000	262739000
35673400	2593420000	462889000
36855700	2606850000	224392000
38890600	2594040000	236999000
44910100	2799720000	297975000
46398600	2639640000	221913000
48960300	2646340000	239593000
56538500	2496560000	392756000
58412300	2676610000	212461000
61637400	2718750000	234722000
71177800	2795390000	273043000
73536800	2704360000	208265000
77596900	2736450000	241662000
89607500	2562360000	240018000
92577300	2742560000	214425000
97688700	2786480000	241452000
112809000	2641690000	247806000
118051000	2817880000	316682000
122983000	2818930000	232931000
142018000	2710140000	259697000
148618000	2899310000	266840000
154826000	2850230000	224464000
178790000	2726870000	260674000
187099000	2857620000	354387000
194915000	2888590000	222881000
225084000	2858270000	213448000
235543000	2912890000	290645000
245383000	2915160000	209765000
283364000	2893620000	226722000
296531000	2857550000	269424000
308919000	2943050000	202541000
356734000	2917140000	220282000
373311000	2934480000	193337000
388906000	2979070000	199355000
449101000	2897080000	218110000
469970000	2760250000	268819000
489603000	3003730000	189378000
565385000	2997250000	233263000
591658000	3088600000	188553000
616374000	3031140000	180895000
711778000	3008840000	185706000
744853000	2825600000	462915000
775969000	3056080000	178507000
896075000	3051540000	212696000
937714000	3020380000	210420000
976887000	3073400000	172785000
1128090000	3086990000	205084000
1180510000	2878500000	271751000
1303870000	3085050000	213612000
1420180000	3108990000	201466000
1486180000	3174640000	251521000
1641480000	3139850000	347471000
1787900000	3139450000	196017000
1870990000	3079550000	258384000
2066500000	3205230000	367479000
2250840000	3166880000	192320000
2355430000	3066110000	199034000
2601570000	3082530000	258019000
2833640000	3188380000	184842000
2965310000	3172650000	235374000
3275180000	3178780000	306007000
3567340000	3218800000	176639000
3733110000	3200600000	225075000
4123200000	3118180000	284959000
4491010000	3241480000	167491000
4699700000	3205290000	193693000
5190810000	3031090000	419005000
5653850000	3256940000	158969000
5916580000	3209510000	200827000
6534840000	3475660000	174072000
7117780000	3278990000	161182000
7448530000	3281040000	184870000
8226870000	3352400000	517526000
8960750000	3303820000	157327000
9377140000	3293730000	174634000
10357000000	3382830000	552766000
11805100000	3334780000	183172000
13038700000	3146020000	236304000
14861800000	3363460000	181404000
16414800000	3505320000	241842000
17895100000	3404610000	294094000
18709900000	3394520000	171238000
20665000000	3496660000	229383000
22528600000	3439900000	277479000
23554300000	3420470000	179046000
26015700000	3487390000	230454000
28361800000	3434810000	205043000
29653100000	3447880000	173228000
32751800000	3315340000	211879000
35705500000	3470520000	247450000
37331100000	3466100000	156926000
41232000000	3378030000	123966000
44950500000	3565710000	89640800
46997000000	3487770000	150106000
51908000000	3509300000	204027000
56589300000	3521400000	173342000
59165800000	3510820000	152993000
65348400000	3467280000	182084000
71241700000	3346400000	609312000
74485300000	3537440000	137319000
82268700000	3507400000	165953000
89688000000	3636850000	360305000
93771400000	3556210000	135203000
96574800000	3615100000	330703000
1.0357E+11	3555480000	186163000
1.12911E+11	3629120000	357076000
1.18051E+11	3563660000	138684000
1.2158E+11	3606160000	319377000
1.30387E+11	3591860000	153827000
1.42146E+11	3533260000	276615000
1.53061E+11	3583240000	241867000
1.64148E+11	3610410000	160843000
1.78951E+11	3511420000	279141000
1.92692E+11	3676280000	283118000
2.0665E+11	3642000000	148601000
2.25286E+11	3476060000	155443000
2.42585E+11	3727330000	145957000
2.60157E+11	3665170000	149828000
2.83619E+11	3647070000	179038000
3.05396E+11	3751340000	141947000
3.27518E+11	3694660000	150167000
3.57055E+11	3692280000	203766000
3.84471E+11	3767780000	243063000
4.1232E+11	3704400000	153877000
4.49505E+11	3614250000	162390000
4.8402E+11	3428590000	99587200
5.19081E+11	3725950000	139949000
5.65893E+11	3648310000	175296000
6.09346E+11	3845930000	-173067000
6.53484E+11	3741900000	131162000
7.12417E+11	3690700000	168125000
7.67121E+11	3428680000	115015000
8.06023E+11	3737790000	227344000
8.22687E+11	3773240000	124453000
8.9688E+11	3703290000	164888000
9.65748E+11	3641670000	84501800
1.01472E+12	3788910000	185818000
1.0357E+12	3776030000	120255000
1.12911E+12	3774340000	141798000
1.2158E+12	3833240000	269643000
1.27746E+12	3794830000	310173000
1.30387E+12	3792350000	120559000
1.42146E+12	3753420000	102844000
1.53061E+12	3982870000	222070000
1.60823E+12	3807820000	161465000
1.71043E+12	3761230000	241110000
1.78951E+12	3817370000	140946000
1.92692E+12	3945310000	195622000
2.02464E+12	3796500000	207460000
2.15331E+12	3605370000	181312000
2.25286E+12	3831360000	149798000
2.42585E+12	3885800000	174177000
2.54887E+12	3902870000	205808000
2.71085E+12	3804970000	235803000
2.83618E+12	3855160000	142898000
3.05396E+12	3891190000	178090000
3.20884E+12	3800350000	196240000
3.41276E+12	3786080000	229249000
3.57054E+12	3893890000	135005000
3.84471E+12	3894820000	138401000
4.03969E+12	3817170000	266811000
4.29641E+12	3907670000	116668000
4.49505E+12	3902870000	133913000
4.52446E+12	3731060000	214049000
4.5818E+12	3272430000	209280000
4.8402E+12	3925540000	144153000
5.08566E+12	3670280000	155453000
5.40886E+12	3913130000	228024000
5.65893E+12	3923250000	123177000
5.69596E+12	3767460000	66480800
5.76814E+12	3412120000	126373000
6.09345E+12	3983030000	133098000
6.40247E+12	3824770000	307377000
6.80936E+12	3853140000	229361000
7.12417E+12	3949280000	123225000
7.17078E+12	3848340000	167904000
7.26166E+12	3445740000	164508000
7.67121E+12	3962070000	115468000
8.06023E+12	3917680000	202110000
8.57247E+12	3790680000	-21542800
8.9688E+12	3956210000	110099000
9.02748E+12	3736930000	104624000
9.14189E+12	3617140000	114092000
9.65748E+12	4001930000	129135000